155,9
156,14
150,9
150,8
3,5
3,4
3,3
3,2
3,1
3,0
2,18
2,17
2,16
2,15
2,14
2,13
2,12
2,11
2,10
2,9
2,8
2,7
2,6
2,5
2,4
2,3
2,2
2,1
2,0
1,3
1,2
1,1
1,0
0,491
0,474
0,460
0,458
0,456
0,452
0,451
0,450
0,448
0,446
0,442
0,441
0,440
0,439
0,438
0,437
0,436
0,435
0,434
0,433
0,432
0,431
0,430
0,429
0,428
0,427
0,426
0,425
0,424
0,423
0,422
0,421
0,420
0,419
0,418
0,417
0,416
0,414
0,413
0,412
0,411
0,410
0,409
0,408
0,407
0,406
0,405
0,403
0,402
0,401
0,400
0,399
0,398
0,397
0,396
0,395
0,387
0,382
0,370
0,354
0,348
0,333
0,328
0,322
0,319
0,318
0,317
0,315
0,314
0,313
0,312
0,311
0,309
0,306
0,301
0,243
0,9
0,1
0,0
0,310
0,305
0,465
0,447
0,308
0,304
0,303
0,302
0,307
0,329
0,12
0,444
0,10
0,8
0,469
0,300
0,332
0,299
0,511
0,298
0,499
0,297
0,362
0,296
0,493
0,295
0,346
0,294
0,389
0,293
0,369
0,292
0,488
0,291
0,366
0,290
0,345
0,289
0,507
0,288
0,415
0,287
0,344
0,286
0,335
0,285
0,365
0,284
0,343
0,283
0,498
0,282
0,391
0,281
0,341
0,280
0,384
0,279
0,506
0,278
0,404
0,277
0,339
0,276
0,487
3,6
4,0
4,2
4,3
108,1
108,2
108,4
108,6
108,7
109,1
109,2
110,0
110,2
110,3
111,1
111,2
111,4
111,5
112,1
112,3
113,0
113,2
113,3
114,1
114,3
114,4
115,0
115,1
115,3
115,4
116,0
116,2
116,3
117,0
117,1
117,3
118,0
118,1
118,3
118,4
119,1
119,2
119,4
120,0
120,1
120,3
121,0
121,2
121,4
122,0
122,2
122,3
123,0
123,2
123,3
124,0
124,1
124,3
124,4
125,0
125,2
125,3
126,0
126,1
126,3
126,5
126,6
127,1
127,2
127,4
127,5
128,1
128,3
128,4
128,6
128,7
129,1
129,3
129,4
130,1
130,2
130,4
131,0
131,2
131,4
131,5
131,7
132,0
132,2
132,4
132,5
133,1
133,2
133,4
133,6
134,0
134,2
134,3
134,5
134,6
135,0
135,2
135,3
135,5
135,6
136,0
136,2
136,3
136,5
137,0
137,2
137,3
137,5
138,1
138,2
138,4
138,5
139,1
139,3
139,4
140,1
140,2
140,4
140,5
140,7
141,1
141,2
142,0
142,1
142,3
143,1
143,2
143,4
144,0
144,2
144,3
145,1
145,3
146,0
146,2
146,3
147,1
147,3
148,0
148,2
148,3
149,0
149,2
149,3
149,5
149,6
150,0
150,1
150,3
150,5
150,6
151,0
151,1
151,3
152,1
152,2
152,4
152,5
152,7
152,8
153,1
153,3
153,4
153,6
153,7
154,1
154,3
154,4
155,0
155,1
155,3
155,4
155,6
155,8
156,0
156,2
156,3
156,5
156,7
156,8
156,10
156,11
156,13
157,1
157,2
158,0
158,1
158,3
158,4
158,6
159,1
159,2
159,4
159,5
160,0
160,2
160,3
160,5
160,6
160,8
161,0
161,2
161,4
161,5
161,7
161,8
161,10
162,0
162,1
162,3
163,0
163,2
163,3
163,5
163,7
163,8
163,10
164,0
164,2
164,4
165,0
165,2
165,3
166,0
166,1
166,3
167,0
167,1
167,3
167,4
168,1
168,3
168,4
169,0
169,1
169,3
169,5
170,0
170,2
170,3
170,5
170,6
171,1
171,3
171,4
172,0
172,1
172,3
172,5
172,6
173,1
173,2
173,4
175,0
175,2
175,4
175,5
175,7
175,8
175,10
176,1
176,2
177,0
177,1
177,3
178,0
178,2
179,0
179,1
179,3
179,4
180,0
180,2
180,3
181,0
181,1
181,3
182,0
182,1
182,3
182,4
183,1
183,2
183,4
183,6
184,0
184,2
184,3
185,0
185,2
185,3
186,0
186,1
186,3
187,0
187,2
187,4
187,5
188,0
188,1
188,3
189,1
189,2
190,0
190,1
190,3
191,0
191,2
191,4
191,5
191,7
191,8
191,10
195,1
195,2
195,4
196,0
196,2
196,4
196,5
198,1
198,2
198,4
198,5
199,0
199,2
199,3
200,0
200,1
200,3
200,5
201,0
201,2
201,3
201,5
202,0
202,2
202,4
202,5
203,1
203,2
203,4
204,1
204,2
204,4
204,5
204,7
205,0
205,2
205,4
205,5
205,7
206,0
206,2
207,0
207,1
207,3
207,4
208,1
208,2
208,4
209,1
209,2
209,4
210,0
210,2
210,4
211,0
211,2
211,3
211,5
212,1
212,2
213,0
213,1
213,3
214,0
214,2
214,4
215,0
215,2
215,3
215,5
216,0
216,1
216,3
216,4
218,0
218,1
218,3
219,1
219,2
219,4
219,5
219,7
219,9
220,0
220,2
220,3
221,1
221,2
221,4
222,1
222,2
222,4
222,5
223,1
223,3
223,2
223,0
222,3
222,0
221,3
221,0
220,1
219,8
219,6
219,3
219,0
218,2
216,5
216,2
215,6
215,4
215,1
214,3
214,1
213,2
212,3
212,0
211,4
211,1
210,3
210,1
209,3
209,0
208,3
208,0
207,2
206,3
206,1
205,6
205,3
205,1
204,6
204,3
204,0
203,3
203,0
202,3
202,1
201,4
201,1
200,4
200,2
199,4
199,1
198,6
198,3
198,0
196,3
196,1
195,3
195,0
191,9
191,6
191,3
191,1
190,2
189,3
189,0
188,2
187,6
187,3
187,1
186,2
185,4
185,1
184,4
184,1
183,5
183,3
183,0
182,2
181,4
181,2
180,4
180,1
179,5
179,2
178,3
178,1
177,2
176,3
176,0
175,9
175,6
175,3
175,1
173,3
173,0
172,4
172,2
171,5
171,2
171,0
170,4
170,1
169,4
169,2
168,5
168,2
168,0
167,2
166,4
166,2
165,4
165,1
164,3
164,1
163,9
163,6
163,4
163,1
162,2
161,11
161,9
161,6
161,3
161,1
160,7
160,4
160,1
159,6
159,3
159,0
158,5
158,2
157,3
157,0
156,12
156,9
156,6
156,4
156,1
155,7
155,5
155,2
154,5
154,2
154,0
153,5
153,2
153,0
152,6
152,3
152,0
151,2
150,7
150,4
150,2
149,7
149,4
149,1
148,4
148,1
147,2
147,0
146,1
145,2
145,0
144,1
143,3
143,0
142,2
141,3
141,0
140,6
140,3
140,0
139,2
139,0
138,3
138,0
137,4
137,1
136,4
136,1
135,7
135,4
135,1
134,7
134,4
134,1
133,5
133,3
133,0
132,3
132,1
131,6
131,3
131,1
130,3
130,0
129,2
129,0
128,5
128,2
128,0
127,3
127,0
126,4
126,2
125,4
125,1
124,5
124,2
123,4
123,1
122,4
122,1
121,3
121,1
120,2
119,5
119,3
119,0
118,2
117,4
117,2
116,4
116,1
115,5
115,2
114,5
114,2
114,0
113,1
112,2
112,0
111,3
111,0
110,1
109,3
109,0
108,5
108,3
108,0
4,1
0,275
0,496
0,274
0,374
0,273
0,486
0,272
0,462
0,271
0,373
0,270
0,376
0,269
0,492
0,268
0,350
0,267
0,371
0,266
0,383
0,265
0,338
0,264
0,485
0,263
0,505
0,262
0,380
0,261
0,501
0,260
0,259
0,476
0,258
0,372
0,257
0,504
0,256
0,484
0,255
0,449
0,254
0,394
0,253
0,464
0,252
0,251
0,475
0,250
0,249
0,468
0,248
0,393
0,247
0,461
0,246
0,353
0,245
0,490
0,244
0,242
0,326
0,241
0,375
0,240
0,360
0,239
0,390
0,238
0,459
0,237
0,324
0,236
0,356
0,235
0,392
0,234
0,497
0,233
0,358
0,232
0,457
0,231
0,357
0,230
0,483
0,229
0,482
0,228
0,361
0,227
0,481
0,226
0,320
0,225
0,381
0,224
0,355
0,223
0,364
0,222
0,367
0,221
0,337
0,220
0,352
0,219
0,386
0,218
0,473
0,217
0,388
0,216
0,351
0,215
0,349
0,214
0,463
0,213
0,503
0,212
0,480
0,211
0,495
0,210
0,479
0,209
0,478
0,208
0,342
0,207
0,472
0,206
0,467
0,205
0,340
0,204
0,510
0,203
0,323
0,202
0,500
0,201
0,471
0,200
0,325
0,199
0,347
0,198
0,336
0,197
0,385
0,196
0,494
0,195
0,331
0,194
0,379
0,193
0,445
0,192
0,489
0,63
0,327
0,62
0,334
0,61
0,363
0,60
0,378
0,59
0,453
0,58
0,509
0,57
0,377
0,56
0,508
0,55
0,477
0,54
0,466
0,53
0,316
0,52
0,321
0,51
0,455
0,50
0,368
0,49
0,330
0,48
0,454
0,47
0,502
0,46
0,359
0,45
0,470
0,6
0,5
0,443
0,11
0,4
0,2
0,3
0,7
